0    0
0.005    0.1
0.02    0.2
0.0418    0.22
0.0638    0.22
0.0858    0.22
0.1078    0.22
0.1298    0.22
0.1518    0.22
0.1738    0.22
0.1958    0.22
0.2178    0.22
0.2398    0.22
0.2618    0.22
0.2838    0.22
0.3058    0.22
0.3278    0.22
0.3498    0.22
0.3718    0.22
0.3938    0.22
0.4158    0.22
0.4378    0.22
0.4598    0.22
0.4818    0.22
0.5038    0.22
0.5258    0.22
0.5478    0.22
0.5698    0.22
0.5918    0.22
0.6138    0.22
0.6358    0.22
0.6578    0.22
0.6798    0.22
0.7018    0.22
0.7238    0.22
0.7458    0.22
0.7678    0.22
0.7898    0.22
0.8118    0.22
0.8338    0.22
0.8558    0.22
0.8778    0.22
0.8998    0.22
0.9218    0.22
0.9438    0.22
0.9658    0.22
0.9878    0.22
1.0098    0.22
1.0318    0.22
1.0538    0.22
1.0758    0.22
1.0978    0.22
1.1198    0.22
1.1418    0.22
1.1638    0.22
1.1858    0.22
1.2078    0.22
1.2298    0.22
1.2518    0.22
1.2738    0.22
1.2958    0.22
1.3178    0.22
1.3398    0.22
1.3618    0.22
1.3838    0.22
1.4058    0.22
1.4278    0.22
1.4498    0.22
1.4718    0.22
1.4938    0.22
1.5158    0.22
1.5378    0.22
1.5598    0.22
1.5818    0.22
1.6038    0.22
1.6258    0.22
1.6478    0.22
1.6698    0.22
1.6918    0.22
1.7138    0.22
1.7358    0.22
1.7578    0.22
1.7798    0.22
1.8018    0.22
1.8238    0.22
1.8458    0.22
1.8678    0.22
1.8898    0.22
1.9118    0.22
1.9338    0.22
1.9558    0.22
1.9778    0.22
1.9998    0.22
2.0218    0.22
2.0438    0.22
2.0658    0.22
2.0878    0.22
2.1098    0.22
2.1318    0.22
2.1538    0.22
2.1758    0.22
2.1978    0.22
2.2198    0.22
2.2418    0.22
2.2638    0.22
2.2858    0.22
2.3078    0.22
2.3298    0.22
2.3518    0.22
2.3738    0.22
2.3958    0.22
2.4178    0.22
2.4398    0.22
2.4618    0.22
2.4838    0.22
2.5058    0.22
2.5278    0.22
2.5498    0.22
2.5718    0.22
2.5938    0.22
2.6158    0.22
2.6378    0.22
2.6598    0.22
2.6818    0.22
2.7038    0.22
2.7258    0.22
2.7478    0.22
2.7698    0.22
2.7918    0.22
2.8138    0.22
2.8358    0.22
2.8578    0.22
2.8798    0.22
2.9018    0.22
2.9238    0.22
2.94434    0.182623
2.96059    0.143974
2.97338    0.112866
2.98331    0.0863424
2.99075    0.0627305
2.99592    0.0409706
2.99898    0.0203163
3    0.000182258
3    0
3    0
3    0
3    0
3    0
3    0
3    0
3    0
3    0
3    0
3    0
3    0
3    0
3    0
3    0
3    0
3    0
3    0
3    0
3    0
3    0
3    0
3    0
2.99977    -0.00970782
2.99778    -0.030022
2.99373    -0.0511209
2.98751    -0.0736522
2.97893    -0.0984863
2.96769    -0.126922
2.95335    -0.161116
2.93515    -0.205139
2.91336    -0.22
2.89136    -0.22
2.86936    -0.22
2.84736    -0.22
2.82536    -0.22
2.80336    -0.22
2.78136    -0.22
2.75936    -0.22
2.73736    -0.22
2.71536    -0.22
2.69336    -0.22
2.67136    -0.22
2.64936    -0.22
2.62736    -0.22
2.60536    -0.22
2.58336    -0.22
2.56136    -0.22
2.53936    -0.22
2.51736    -0.22
2.49536    -0.22
2.47336    -0.22
2.45136    -0.22
2.42936    -0.22
2.40736    -0.22
2.38536    -0.22
2.36336    -0.22
2.34136    -0.22
2.31936    -0.22
2.29736    -0.22
2.27536    -0.22
2.25336    -0.22
2.23136    -0.22
2.20936    -0.22
2.18736    -0.22
2.16536    -0.22
2.14336    -0.22
2.12136    -0.22
2.09936    -0.22
2.07736    -0.22
2.05536    -0.22
2.03336    -0.22
2.01136    -0.22
1.98936    -0.22
1.96736    -0.22
1.94536    -0.22
1.92336    -0.22
1.90136    -0.22
1.87936    -0.22
1.85736    -0.22
1.83536    -0.22
1.81336    -0.22
1.79136    -0.22
1.76936    -0.22
1.74736    -0.22
1.72536    -0.22
1.70336    -0.22
1.68136    -0.22
1.65936    -0.22
1.63736    -0.22
1.61536    -0.22
1.59336    -0.22
1.57136    -0.22
1.54936    -0.22
1.52736    -0.22
1.50536    -0.22
1.48336    -0.22
1.46136    -0.22
1.43936    -0.22
1.41736    -0.22
1.39536    -0.22
1.37336    -0.22
1.35136    -0.22
1.32936    -0.22
1.30736    -0.22
1.28536    -0.22
1.26336    -0.22
1.24136    -0.22
1.21936    -0.22
1.19736    -0.22
1.17536    -0.22
1.15336    -0.22
1.13136    -0.22
1.10936    -0.22
1.08736    -0.22
1.06536    -0.22
1.04336    -0.22
1.02136    -0.22
0.999357    -0.22
0.977357    -0.22
0.955357    -0.22
0.933357    -0.22
0.911357    -0.22
0.889357    -0.22
0.867357    -0.22
0.845357    -0.22
0.823357    -0.22
0.801357    -0.22
0.779357    -0.22
0.757357    -0.22
0.735357    -0.22
0.713357    -0.22
0.691357    -0.22
0.669357    -0.22
0.647357    -0.22
0.625357    -0.22
0.603357    -0.22
0.581357    -0.22
0.559357    -0.22
0.537357    -0.22
0.515357    -0.22
0.493357    -0.22
0.471357    -0.22
0.449357    -0.22
0.427357    -0.22
0.405357    -0.22
0.383357    -0.22
0.361357    -0.22
0.339357    -0.22
0.317357    -0.22
0.295357    -0.22
0.273357    -0.22
0.251357    -0.22
0.229357    -0.22
0.207357    -0.22
0.185357    -0.22
0.163357    -0.22
0.141357    -0.22
0.119357    -0.22
0.0973573    -0.22
0.0753573    -0.22
0.0549655    -0.180947
0.0388639    -0.142669
0.0261883    -0.111779
0.0163592    -0.0853925
0.00901504    -0.0618684
0.00392522    -0.0401632
0.000946541    -0.0195389
-2.77556e-17    0
-2.77556e-17    0
-2.77556e-17    0
-2.77556e-17    0
-2.77556e-17    0
-2.77556e-17    0
-2.77556e-17    0
-2.77556e-17    0
-2.77556e-17    0
-2.77556e-17    0
-2.77556e-17    0
-2.77556e-17    0
-2.77556e-17    0
-2.77556e-17    0
-2.77556e-17    0
-2.77556e-17    0
-2.77556e-17    0
-2.77556e-17    0
-2.77556e-17    0
-2.77556e-17    0
-2.77556e-17    0
-2.77556e-17    0
-2.77556e-17    0
-2.77556e-17    0
0.000273359    0.0104782
0.00233351    0.0308121
0.00646255    0.0519529
0.0127725    0.0745545
0.0214511    0.0994989
0.0327935    0.128108
0.0472663    0.162586
0.0656407    0.207115
0.0874854    0.22
0.109485    0.22
0.131485    0.22
0.153485    0.22
0.175485    0.22
0.197485    0.22
0.219485    0.22
0.241485    0.22
0.263485    0.22
0.285485    0.22
0.307485    0.22
0.329485    0.22
0.351485    0.22
0.373485    0.22
0.395485    0.22
0.417485    0.22
0.439485    0.22
0.461485    0.22
0.483485    0.22
0.505485    0.22
0.527485    0.22
0.549485    0.22
0.571485    0.22
0.593485    0.22
0.615485    0.22
0.637485    0.22
0.659485    0.22
0.681485    0.22
0.703485    0.22
0.725485    0.22
0.747485    0.22
0.769485    0.22
0.791485    0.22
0.813485    0.22
0.835485    0.22
0.857485    0.22
0.879485    0.22
0.901485    0.22
0.923485    0.22
0.945485    0.22
0.967485    0.22
0.989485    0.22
1.01149    0.22
1.03349    0.22
1.05549    0.22
1.07749    0.22
1.09949    0.22
1.12149    0.22
1.14349    0.22
1.16549    0.22
1.18749    0.22
1.20949    0.22
1.23149    0.22
1.25349    0.22
1.27549    0.22
1.29749    0.22
1.31949    0.22
1.34149    0.22
1.36349    0.22
1.38549    0.22
1.40749    0.22
1.42949    0.22
1.45149    0.22
1.47349    0.22
1.49549    0.22
1.51749    0.22
1.53949    0.22
1.56149    0.22
1.58349    0.22
1.60549    0.22
1.62749    0.22
1.64949    0.22
1.67149    0.22
1.69349    0.22
1.71549    0.22
1.73749    0.22
1.75949    0.22
1.78149    0.22
1.80349    0.22
1.82549    0.22
1.84749    0.22
1.86949    0.22
1.89149    0.22
1.91349    0.22
1.93549    0.22
1.95749    0.22
1.97949    0.22
2.00149    0.22
2.02349    0.22
2.04549    0.22
2.06749    0.22
2.08949    0.22
2.11149    0.22
2.13349    0.22
2.15549    0.22
2.17749    0.22
2.19949    0.22
2.22149    0.22
2.24349    0.22
2.26549    0.22
2.28749    0.22
2.30949    0.22
2.33149    0.22
2.35349    0.22
2.37549    0.22
2.39749    0.22
2.41949    0.22
2.44149    0.22
2.46349    0.22
2.48549    0.22
2.50749    0.22
2.52949    0.22
2.55149    0.22
2.57349    0.22
2.59549    0.22
2.61749    0.22
2.63949    0.22
2.66149    0.22
2.68349    0.22
2.70549    0.22
2.72749    0.22
2.74949    0.22
2.77149    0.22
2.79349    0.22
2.81549    0.22
2.83749    0.22
2.85949    0.22
2.88149    0.22
2.90349    0.22
2.92549    0.22
2.94572    0.179289
2.96168    0.141374
2.97424    0.110699
2.98397    0.0844467
2.99122    0.0610089
2.99623    0.0393574
2.99913    0.0187622
3    0
3    0
3    0
3    0
3    0
3    0
3    0
3    0
3    0
3    0
3    0
3    0
3    0
3    0
3    0
3    0
3    0
3    0
3    0
3    0
3    0
3    0
3    0
3    0
2.99969    -0.0112489
2.99755    -0.0316033
2.99334    -0.052787
2.98694    -0.0754601
2.97817    -0.100517
2.96671    -0.129302
2.95211    -0.164069
2.93356    -0.209118
2.91167    -0.22
2.88967    -0.22
2.86767    -0.22
2.84567    -0.22
2.82367    -0.22
2.80167    -0.22
2.77967    -0.22
2.75767    -0.22
2.73567    -0.22
2.71367    -0.22
2.69167    -0.22
2.66967    -0.22
2.64767    -0.22
2.62567    -0.22
2.60367    -0.22
2.58167    -0.22
2.55967    -0.22
2.53767    -0.22
2.51567    -0.22
2.49367    -0.22
2.47167    -0.22
2.44967    -0.22
2.42767    -0.22
2.40567    -0.22
2.38367    -0.22
2.36167    -0.22
2.33967    -0.22
2.31767    -0.22
2.29567    -0.22
2.27367    -0.22
2.25167    -0.22
2.22967    -0.22
2.20767    -0.22
2.18567    -0.22
2.16367    -0.22
2.14167    -0.22
2.11967    -0.22
2.09767    -0.22
2.07567    -0.22
2.05367    -0.22
2.03167    -0.22
2.00967    -0.22
1.98767    -0.22
1.96567    -0.22
1.94367    -0.22
1.92167    -0.22
1.89967    -0.22
1.87767    -0.22
1.85567    -0.22
1.83367    -0.22
1.81167    -0.22
1.78967    -0.22
1.76767    -0.22
1.74567    -0.22
1.72367    -0.22
1.70167    -0.22
1.67967    -0.22
1.65767    -0.22
1.63567    -0.22
1.61367    -0.22
1.59167    -0.22
1.56967    -0.22
1.54767    -0.22
1.52567    -0.22
1.50367    -0.22
1.48167    -0.22
1.45967    -0.22
1.43767    -0.22
1.41567    -0.22
1.39367    -0.22
1.37167    -0.22
1.34967    -0.22
1.32767    -0.22
1.30567    -0.22
1.28367    -0.22
1.26167    -0.22
1.23967    -0.22
1.21767    -0.22
1.19567    -0.22
1.17367    -0.22
1.15167    -0.22
1.12967    -0.22
1.10767    -0.22
1.08567    -0.22
1.06367    -0.22
1.04167    -0.22
1.01967    -0.22
0.997672    -0.22
0.975672    -0.22
0.953672    -0.22
0.931672    -0.22
0.909672    -0.22
0.887672    -0.22
0.865672    -0.22
0.843672    -0.22
0.821672    -0.22
0.799672    -0.22
0.777672    -0.22
0.755672    -0.22
0.733672    -0.22
0.711672    -0.22
0.689672    -0.22
0.667672    -0.22
0.645672    -0.22
0.623672    -0.22
0.601672    -0.22
0.579672    -0.22
0.557672    -0.22
0.535672    -0.22
0.513672    -0.22
0.491672    -0.22
0.469672    -0.22
0.447672    -0.22
0.425672    -0.22
0.403672    -0.22
0.381672    -0.22
0.359672    -0.22
0.337672    -0.22
0.315672    -0.22
0.293672    -0.22
0.271672    -0.22
0.249672    -0.22
0.227672    -0.22
0.205672    -0.22
0.183672    -0.22
0.161672    -0.22
0.139672    -0.22
0.117672    -0.22
0.0956719    -0.22
0.0736719    -0.22
0.0516719    -0.22
0.0296719    -0.22
0.010494    -0.144872
0.00100676    -0.0448722
9.18791e-16    -0
