0    -0
-5.03077e-20    -1.00615e-18
-2.01231e-19    -2.01231e-18
-4.20573e-19    -2.21354e-18
-6.41927e-19    -2.21354e-18
-8.63281e-19    -2.21354e-18
-1.08464e-18    -2.21354e-18
-1.30599e-18    -2.21354e-18
-1.52734e-18    -2.21354e-18
-1.7487e-18    -2.21354e-18
-1.97005e-18    -2.21354e-18
-2.19141e-18    -2.21354e-18
-2.41276e-18    -2.21354e-18
-2.63411e-18    -2.21354e-18
-2.85547e-18    -2.21354e-18
-3.07682e-18    -2.21354e-18
-3.29818e-18    -2.21354e-18
-3.51953e-18    -2.21354e-18
-3.74088e-18    -2.21354e-18
-3.96224e-18    -2.21354e-18
-4.18359e-18    -2.21354e-18
-4.40495e-18    -2.21354e-18
-4.6263e-18    -2.21354e-18
-4.84765e-18    -2.21354e-18
-5.06901e-18    -2.21354e-18
-5.29036e-18    -2.21354e-18
-5.51172e-18    -2.21354e-18
-5.73307e-18    -2.21354e-18
-5.95443e-18    -2.21354e-18
-6.17578e-18    -2.21354e-18
-6.39713e-18    -2.21354e-18
-6.61849e-18    -2.21354e-18
-6.83984e-18    -2.21354e-18
-7.0612e-18    -2.21354e-18
-7.28255e-18    -2.21354e-18
-7.5039e-18    -2.21354e-18
-7.72526e-18    -2.21354e-18
-7.94661e-18    -2.21354e-18
-8.16797e-18    -2.21354e-18
-8.38932e-18    -2.21354e-18
-8.61067e-18    -2.21354e-18
-8.83203e-18    -2.21354e-18
-9.05338e-18    -2.21354e-18
-9.27474e-18    -2.21354e-18
-9.49609e-18    -2.21354e-18
-9.71744e-18    -2.21354e-18
-9.9388e-18    -2.21354e-18
-1.01602e-17    -2.21354e-18
-1.03815e-17    -2.21354e-18
-1.06029e-17    -2.21354e-18
-1.08242e-17    -2.21354e-18
-1.10456e-17    -2.21354e-18
-1.12669e-17    -2.21354e-18
-1.14883e-17    -2.21354e-18
-1.17096e-17    -2.21354e-18
-1.1931e-17    -2.21354e-18
-1.21523e-17    -2.21354e-18
-1.23737e-17    -2.21354e-18
-1.2595e-17    -2.21354e-18
-1.28164e-17    -2.21354e-18
-1.30378e-17    -2.21354e-18
-1.32591e-17    -2.21354e-18
-1.34805e-17    -2.21354e-18
-1.37018e-17    -2.21354e-18
-1.39232e-17    -2.21354e-18
-1.41445e-17    -2.21354e-18
-1.43659e-17    -2.21354e-18
-1.45872e-17    -2.21354e-18
-1.48086e-17    -2.21354e-18
-1.50299e-17    -2.21354e-18
-1.52513e-17    -2.21354e-18
-1.54727e-17    -2.21354e-18
-1.5694e-17    -2.21354e-18
-1.59154e-17    -2.21354e-18
-1.61367e-17    -2.21354e-18
-1.63581e-17    -2.21354e-18
-1.65794e-17    -2.21354e-18
-1.68008e-17    -2.21354e-18
-1.70221e-17    -2.21354e-18
-1.72435e-17    -2.21354e-18
-1.74648e-17    -2.21354e-18
-1.76862e-17    -2.21354e-18
-1.79075e-17    -2.21354e-18
-1.81289e-17    -2.21354e-18
-1.83503e-17    -2.21354e-18
-1.85716e-17    -2.21354e-18
-1.8793e-17    -2.21354e-18
-1.90143e-17    -2.21354e-18
-1.92357e-17    -2.21354e-18
-1.9457e-17    -2.21354e-18
-1.96784e-17    -2.21354e-18
-1.98997e-17    -2.21354e-18
-2.01211e-17    -2.21354e-18
-2.03424e-17    -2.21354e-18
-2.05638e-17    -2.21354e-18
-2.07851e-17    -2.21354e-18
-2.10065e-17    -2.21354e-18
-2.12279e-17    -2.21354e-18
-2.14492e-17    -2.21354e-18
-2.16706e-17    -2.21354e-18
-2.18919e-17    -2.21354e-18
-2.21133e-17    -2.21354e-18
-2.23346e-17    -2.21354e-18
-2.2556e-17    -2.21354e-18
-2.27773e-17    -2.21354e-18
-2.29987e-17    -2.21354e-18
-2.322e-17    -2.21354e-18
-2.34414e-17    -2.21354e-18
-2.36628e-17    -2.21354e-18
-2.38841e-17    -2.21354e-18
-2.41055e-17    -2.21354e-18
-2.43268e-17    -2.21354e-18
-2.45482e-17    -2.21354e-18
-2.47695e-17    -2.21354e-18
-2.49909e-17    -2.21354e-18
-2.52122e-17    -2.21354e-18
-2.54336e-17    -2.21354e-18
-2.56549e-17    -2.21354e-18
-2.58763e-17    -2.21354e-18
-2.60976e-17    -2.21354e-18
-2.6319e-17    -2.21354e-18
-2.65404e-17    -2.21354e-18
-2.67617e-17    -2.21354e-18
-2.69831e-17    -2.21354e-18
-2.72044e-17    -2.21354e-18
-2.74258e-17    -2.21354e-18
-2.76471e-17    -2.21354e-18
0.000260927    0.0102367
0.00229668    0.0305644
0.00640035    0.051692
0.0126832    0.0742714
0.0213318    0.099181
0.03264    0.127735
0.0470714    0.162124
0.0653925    0.206493
0.0872213    0.22
0.109221    0.22
0.131221    0.22
0.153221    0.22
0.175221    0.22
0.197221    0.22
0.219221    0.22
0.241221    0.22
0.263221    0.22
0.285221    0.22
0.307221    0.22
0.329221    0.22
0.351221    0.22
0.373221    0.22
0.395221    0.22
0.417221    0.22
0.439221    0.22
0.461221    0.22
0.483221    0.22
0.505221    0.22
0.527221    0.22
0.549221    0.22
0.571221    0.22
0.593221    0.22
0.615221    0.22
0.637221    0.22
0.659221    0.22
0.681221    0.22
0.703221    0.22
0.725221    0.22
0.747221    0.22
0.769221    0.22
0.791221    0.22
0.813221    0.22
0.835221    0.22
0.857221    0.22
0.879221    0.22
0.901221    0.22
0.923221    0.22
0.943856    0.183785
0.960207    0.144877
0.973084    0.113617
0.983084    0.0869971
0.990581    0.0633241
0.995811    0.041526
0.998923    0.0208505
0.999999    0.000709567
1    0
1    0
1    0
1    0
1    0
1    0
1    0
1    0
1    0
1    0
1    0
1    0
1    0
1    0
1    0
1    0
1    0
1    0
1    0
1    0
1    0
1    0
1    0
1    0
1    0
1    0
1    0
1    0
1    0
1    0
1    0
1    0
1    0
1    0
1    0
1    0
1    0
1    0
1    0
1    0
1    0
1    0
1    0
1    0
1    0
1    0
1    0
1    0
1    0
1    0
1    0
1    0
1    0
1    0
1    0
1    0
1    0
1    0
1    0
1    0
1    0
1    0
1    0
1    0
1    0
1    0
1    0
1    0
1    0
1    0
1    0
1    0
1    0
1    0
1    0
1    0
1    0
1    0
1    0
1    0
1    0
1    0
1    0
1    0
1    0
1    0
1    0
1    0
1    0
1    0
1    0
1    0
1    0
1    0
1    0
1    0
1    0
1    0
1    0
1    0
1    0
1    0
1    0
1    0
1    0
1    0
1    0
1    0
1    0
1    0
1    0
1    0
1    0
1    0
1.0003    0.0110074
1.00242    0.0313552
1.0066    0.0525254
1.01297    0.075176
1.02171    0.100197
1.03313    0.128927
1.0477    0.163603
1.06619    0.208487
1.08806    0.22
1.11006    0.22
1.13206    0.22
1.15406    0.22
1.17606    0.22
1.19806    0.22
1.22006    0.22
1.24206    0.22
1.26406    0.22
1.28606    0.22
1.30806    0.22
1.33006    0.22
1.35206    0.22
1.37406    0.22
1.39606    0.22
1.41806    0.22
1.44006    0.22
1.46206    0.22
1.48406    0.22
1.50606    0.22
1.52806    0.22
1.55006    0.22
1.57206    0.22
1.59406    0.22
1.61606    0.22
1.63806    0.22
1.66006    0.22
1.68206    0.22
1.70406    0.22
1.72606    0.22
1.74806    0.22
1.77006    0.22
1.79206    0.22
1.81406    0.22
1.83606    0.22
1.85806    0.22
1.88006    0.22
1.90206    0.22
1.92406    0.22
1.94456    0.182096
1.96076    0.143564
1.97352    0.112525
1.98342    0.0860443
1.99082    0.0624601
1.99597    0.0407175
1.999    0.0200726
2    0
2    0
2    0
2    0
2    0
2    0
2    0
2    0
2    0
2    0
2    0
2    0
2    0
2    0
2    0
2    0
2    0
2    0
2    0
2    0
2    0
2    0
2    0
2    0
2    0
2    0
2    0
2    0
2    0
2    0
2    0
2    0
2    0
2    0
2    0
2    0
2    0
2    0
2    0
2    0
2    0
2    0
2    0
2    0
2    0
2    0
2    0
2    0
2    0
2    0
2    0
2    0
2    0
2    0
2    0
2    0
2    0
2    0
2    0
2    0
2    0
2    0
2    0
2    0
2    0
2    0
2    0
2    0
2    0
2    0
2    0
2    0
2    0
2    0
2    0
2    0
2    0
2    0
2    0
2    0
2    0
2    0
2    0
2    0
2    0
2    0
2    0
2    0
2    0
2    0
2    0
2    0
2    0
2    0
2    0
2    0
2    0
2    0
2    0
2    0
2    0
2    0
2    0
2    0
2    0
2    0
2    0
2    0
2    0
2    0
2    0
2    0
2    0
2    0
2    0
2.00035    0.0117784
2.00254    0.0321473
2.0068    0.053361
2.01326    0.076084
2.0221    0.101219
2.03363    0.130127
2.04832    0.165096
2.06699    0.210509
2.08891    0.22
2.11091    0.22
2.13291    0.22
2.15491    0.22
2.17691    0.22
2.19891    0.22
2.22091    0.22
2.24291    0.22
2.26491    0.22
2.28691    0.22
2.30891    0.22
2.33091    0.22
2.35291    0.22
2.37491    0.22
2.39691    0.22
2.41891    0.22
2.44091    0.22
2.46291    0.22
2.48491    0.22
2.50691    0.22
2.52891    0.22
2.55091    0.22
2.57291    0.22
2.59491    0.22
2.61691    0.22
2.63891    0.22
2.66091    0.22
2.68291    0.22
2.70491    0.22
2.72691    0.22
2.74891    0.22
2.77091    0.22
2.79291    0.22
2.81491    0.22
2.83691    0.22
2.85891    0.22
2.88091    0.22
2.90291    0.22
2.92491    0.22
2.94525    0.180426
2.96131    0.142262
2.97395    0.11144
2.98374    0.0850957
2.99106    0.0615988
2.99612    0.0399105
2.99908    0.0192954
3    0
3    0
3    0
3    0
3    0
3    0
3    0
3    0
3    0
3    0
3    0
3    0
3    0
3    0
3    0
3    0
3    0
3    0
3    0
3    0
3    0
3    0
3    0
3    0
3    0
3    0
3    0
3    0
3    0
3    0
3    0
3    0
3    0
3    0
3    0
3    0
3    0
3    0
3    0
3    0
3    0
3    0
3    0
3    0
3    0
3    0
3    0
3    0
3    0
3    0
3    0
3    0
3    0
3    0
3    0
3    0
3    0
3    0
3    0
3    0
3    0
3    0
3    0
3    0
3    0
3    0
3    0
3    0
3    0
3    0
3    0
3    0
3    0
3    0
3    0
3    0
3    0
3    0
3    0
3    0
3    0
3    0
3    0
3    0
3    0
3    0
3    0
3    0
3    0
3    0
3    0
3    0
3    0
3    0
3    0
3    0
3    0
3    0
3    0
3    0
3    0
3    0
3    0
3    0
3    0
3    0
3    0
3    0
3    0
3    0
3    0
3    0
3    0
3    0
3    0
3    0
3    0
3    0
3    0
3    0
3    0
3    0
3    0
3    0
3    0
3    0
3    0
3    0
