3    0
3    0
3    0
3    0
3    0
3    0
3    0
3    0
3    0
3    0
3    0
3    0
3    0
3    0
3    0
3    0
3    0
3    0
3    0
3    0
3    0
3    0
3    0
3    0
3    0
3    0
3    0
3    0
3    0
3    0
3    0
3    0
3    0
3    0
3    0
3    0
3    0
3    0
3    0
3    0
3    0
3    0
3    0
3    0
3    0
3    0
3    0
3    0
3    0
3    0
3    0
3    0
3    0
3    0
3    0
3    0
3    0
3    0
3    0
3    0
3    0
3    0
3    0
3    0
3    0
3    0
3    0
3    0
3    0
3    0
3    0
3    0
3    0
3    0
3    0
3    0
3    0
3    0
3    0
3    0
3    0
3    0
3    0
3    0
3    0
3    0
3    0
3    0
3    0
3    0
3    0
3    0
3    0
3    0
3    0
3    0
3    0
3    0
3    0
3    0
3    0
3    0
3    0
3    0
3    0
3    0
3    0
3    0
3    0
3    0
3    0
3    0
3    0
3    0
3    0
3    0
3    0
3    0
3    0
3    0
3    0
3    0
3    0
3    0
3    0
3    0
3    0
3    0
3    0
3    0
3    0
3    0
3    0
3    0
3    0
3    0
3    0
3    0
3    0
3    0
3    0
3    0
3    0
3    0
3    0
3    0
3    0
3    0
3    0
3    0
3    0
2.99726    -0.0676308
2.9864    -0.148905
2.96765    -0.225022
2.94166    -0.293342
2.90932    -0.351501
2.87176    -0.397482
2.83028    -0.429694
2.78632    -0.447019
2.74138    -0.45
2.69638    -0.45
2.65138    -0.45
2.60638    -0.45
2.56138    -0.45
2.51638    -0.45
2.47138    -0.45
2.42638    -0.45
2.38138    -0.45
2.33638    -0.45
2.29138    -0.45
2.24638    -0.45
2.20138    -0.45
2.15638    -0.45
2.11138    -0.45
2.06638    -0.45
2.02138    -0.45
1.97638    -0.45
1.93138    -0.45
1.88638    -0.45
1.84138    -0.45
1.79638    -0.45
1.75138    -0.45
1.70638    -0.45
1.66138    -0.45
1.61638    -0.45
1.57138    -0.45
1.52638    -0.45
1.48138    -0.45
1.43638    -0.45
1.39138    -0.45
1.34638    -0.45
1.30138    -0.45
1.25638    -0.45
1.21146    -0.446521
1.16758    -0.428436
1.12627    -0.39551
1.08894    -0.348881
1.05689    -0.290167
1.03124    -0.2214
1.01287    -0.144963
1.00242    -0.063504
1    0
1    0
1    0
1    0
1    0
1    0
1    0
1    0
1    0
1    0
1    0
1    0
1    0
1    0
1    0
1    0
1    0
1    0
1    0
1    0
1    0
1    0
1    0
1    0
1    0
1    0
1    0
1    0
1    0
1    0
1    0
1    0
1    0
1    0
1    0
1    0
1    0
1    0
1    0
1    0
1    0
1    0
1    0
1    0
1    0
1    0
1    0
1    0
1    0
1    0
1    0
1    0
1    0
1    0
1    0
1    0
1    0
1    0
1    0
1    0
1    0
1    0
1    0
1    0
1    0
1    0
1    0
1    0
1    0
1    0
1    0
1    0
1    0
1    0
1    0
1    0
1    0
1    0
1    0
1    0
1    0
1    0
1    0
1    0
1    0
1    0
1    0
1    0
1    0
1    0
1    0
1    0
1    0
1    0
1    0
1    0
1    0
1    0
1    0
1    0
1    0
0.996911    -0.0717517
0.985649    -0.152835
0.966521    -0.228624
0.940189    -0.296493
0.907565    -0.35409
0.86978    -0.399421
0.828143    -0.430914
0.784095    -0.447479
0.739143    -0.45
0.694143    -0.45
0.649143    -0.45
0.604143    -0.45
0.559143    -0.45
0.514143    -0.45
0.469143    -0.45
0.424143    -0.45
0.379143    -0.45
0.334143    -0.45
0.289143    -0.45
0.244143    -0.45
0.199143    -0.45
0.154143    -0.45
0.109143    -0.45
0.0641432    -0.45
0.0191432    -0.45
-0.0258568    -0.45
-0.0708568    -0.45
-0.115857    -0.45
-0.160857    -0.45
-0.205857    -0.45
-0.250857    -0.45
-0.295857    -0.45
-0.340857    -0.45
-0.385857    -0.45
-0.430857    -0.45
-0.475857    -0.45
-0.520857    -0.45
-0.565857    -0.45
-0.610857    -0.45
-0.655857    -0.45
-0.700857    -0.45
-0.745857    -0.45
-0.790857    -0.45
-0.835857    -0.45
-0.880857    -0.45
-0.925857    -0.45
-0.970857    -0.45
-1.01586    -0.45
-1.06086    -0.45
-1.10586    -0.45
-1.15086    -0.45
-1.19586    -0.45
-1.24086    -0.45
-1.28586    -0.45
-1.33086    -0.45
-1.37586    -0.45
-1.42086    -0.45
-1.46586    -0.45
-1.51086    -0.45
-1.55586    -0.45
-1.60086    -0.45
-1.64586    -0.45
-1.69086    -0.45
-1.73586    -0.45
-1.78083    -0.448085
-1.82499    -0.432639
-1.86685    -0.402205
-1.90497    -0.357838
-1.93801    -0.301073
-1.96483    -0.233879
-1.98451    -0.158583
-1.99637    -0.0777922
-2    0
-2    0
-2    0
-2    0
-2    0
-2    0
-2    0
-2    0
-2    0
-2    0
-2    0
-2    0
-2    0
-2    0
-2    0
-2    0
-2    0
-2    0
-2    0
-2    0
-2    0
-2    0
-2    0
-2    0
-2    0
-2    0
-2    0
-2    0
-2    0
-2    0
-2    0
-2    0
-2    0
-2    0
-2    0
-2    0
-2    0
-2    0
-2    0
-2    0
-2    0
-2    0
-2    0
-2    0
-2    0
-2    0
-2    0
-2    0
-2    0
-2    0
-2    0
-2    0
-2    0
-2    0
-2    0
-2    0
-2    0
-2    0
-2    0
-2    0
-2    0
-2    0
-2    0
-2    0
-2    0
-2    0
-2    0
-2    0
-2    0
-2    0
-2    0
-2    0
-2    0
-2    0
-2    0
-2    0
-2    0
-2    0
-2    0
-2    0
-2    0
-2    0
-2    0
-2    0
-2    0
-2    0
-2    0
-2    0
-2    0
-2    0
-2    0
-2    0
-2    0
-2    0
-2    0
-2    0
-2    0
