1.79283    -0
1.79235    -0.00968447
1.7909    -0.0193689
1.78848    -0.0290534
1.78509    -0.0387379
1.78085    -0.0435801
1.77649    -0.0435801
1.77213    -0.0435801
1.76778    -0.0435801
1.76342    -0.0435801
1.75906    -0.0435801
1.7547    -0.0435801
1.75034    -0.0435801
1.74599    -0.0435801
1.74163    -0.0435801
1.73727    -0.0435801
1.73291    -0.0435801
1.72855    -0.0435801
1.7242    -0.0435801
1.71984    -0.0435801
1.71548    -0.0435801
1.71112    -0.0435801
1.70676    -0.0435801
1.70241    -0.0435801
1.69805    -0.0435801
1.69369    -0.0435801
1.68933    -0.0435801
1.68497    -0.0435801
1.68062    -0.0435801
1.67626    -0.0435801
1.6719    -0.0435801
1.66754    -0.0435801
1.66318    -0.0435801
1.65883    -0.0435801
1.65447    -0.0435801
1.65011    -0.0435801
1.64575    -0.0435801
1.64139    -0.0435801
1.63704    -0.0435801
1.63268    -0.0435801
1.62832    -0.0435801
1.62396    -0.0435801
1.6196    -0.0435801
1.61086    -0.137188
1.59214    -0.237173
1.56343    -0.337146
1.5266    -0.394117
1.4853    -0.428759
1.44145    -0.445319
1.3968    -0.44489
1.35304    -0.427445
1.31191    -0.391828
1.27538    -0.332
1.24718    -0.232026
1.22897    -0.13204
1.22077    -0.0320451
1.22227    0.0435801
1.22663    0.0435801
1.23098    0.0435801
1.23534    0.0435801
1.2397    0.0435801
1.24406    0.0435801
1.24842    0.0435801
1.25277    0.0435801
1.25713    0.0435801
1.26149    0.0435801
1.26585    0.0435801
1.27021    0.0435801
1.27456    0.0435801
1.27892    0.0435801
1.28328    0.0435801
1.28764    0.0435801
1.292    0.0435801
1.29635    0.0435801
1.30071    0.0435801
1.30507    0.0435801
1.30943    0.0435801
1.31379    0.0435801
1.31814    0.0435801
1.3225    0.0435801
1.32686    0.0435801
1.33122    0.0435801
1.33558    0.0435801
1.33993    0.0435801
1.34429    0.0435801
1.34865    0.0435801
1.35301    0.0435801
1.35737    0.0435801
1.36172    0.0435801
1.36608    0.0435801
1.37044    0.0435801
1.3748    0.0435801
1.37544    -0.0425872
1.36618    -0.142581
1.34693    -0.242566
1.31767    -0.342438
1.28054    -0.396503
1.23905    -0.43011
1.19511    -0.445729
1.15047    -0.444383
1.1068    -0.42599
1.06588    -0.389323
1.02968    -0.326607
1.00202    -0.226633
0.984352    -0.126647
0.976543    -0.0435801
0.972185    -0.0435801
0.967827    -0.0435801
0.963469    -0.0435801
0.959111    -0.0435801
0.954753    -0.0435801
0.950395    -0.0435801
0.946037    -0.0435801
0.941679    -0.0435801
0.937321    -0.0435801
0.932963    -0.0435801
0.928605    -0.0435801
0.924247    -0.0435801
0.919889    -0.0435801
0.915531    -0.0435801
0.911173    -0.0435801
0.906815    -0.0435801
0.902457    -0.0435801
0.898099    -0.0435801
0.893741    -0.0435801
0.889383    -0.0435801
0.885025    -0.0435801
0.880667    -0.0435801
0.876309    -0.0435801
0.871951    -0.0435801
0.867593    -0.0435801
0.863235    -0.0435801
0.858877    -0.0435801
0.854519    -0.0435801
0.850161    -0.0435801
0.845803    -0.0435801
0.841445    -0.0435801
0.837087    -0.0435801
0.832729    -0.0435801
0.828371    -0.0435801
0.824013    -0.0435801
0.818353    -0.077165
0.808405    -0.122272
0.793775    -0.171104
0.773987    -0.225876
0.748288    -0.290077
0.715458    -0.369899
0.673811    -0.448889
0.62882    -0.45
0.58382    -0.45
0.540283    -0.3959
0.505693    -0.2959
0.481053    -0.208294
0.458181    -0.243406
0.433427    -0.24663
0.409887    -0.218679
0.39126    -0.141726
0.382086    -0.0417483
0.382382    0.027342
0.385601    0.0370264
0.389737    0.0435801
0.394095    0.0435801
0.398453    0.0435801
0.402811    0.0435801
0.407169    0.0435801
0.411527    0.0435801
0.415885    0.0435801
0.420243    0.0435801
0.424601    0.0435801
0.428959    0.0435801
0.433317    0.0435801
0.437675    0.0435801
0.442033    0.0435801
0.446391    0.0435801
0.450749    0.0435801
0.455107    0.0435801
0.459465    0.0435801
0.463823    0.0435801
0.468181    0.0435801
0.472539    0.0435801
0.476897    0.0435801
0.481255    0.0435801
0.485613    0.0435801
0.489971    0.0435801
0.494329    0.0435801
0.498687    0.0435801
0.503045    0.0435801
0.507403    0.0435801
0.511761    0.0435801
0.516119    0.0435801
0.520477    0.0435801
0.524835    0.0435801
0.529193    0.0435801
0.533551    0.0435801
0.537909    0.0435801
0.542267    0.0435801
0.546625    0.0435801
0.550983    0.0435801
0.555342    0.0435801
0.5597    0.0435801
0.564058    0.0435801
0.568416    0.0435801
0.572774    0.0435801
0.577132    0.0435801
0.58149    0.0435801
0.585848    0.0435801
0.590206    0.0435801
0.594564    0.0435801
0.598922    0.0435801
0.60328    0.0435801
0.607638    0.0435801
0.611996    0.0435801
0.616354    0.0435801
0.618297    -0.0259011
0.610707    -0.125896
0.593118    -0.225883
0.565531    -0.325858
0.529376    -0.388997
0.488475    -0.425799
0.444824    -0.444314
0.400179    -0.445778
0.356232    -0.43028
0.314721    -0.396805
0.27755    -0.342897
0.24822    -0.243316
0.228887    -0.143332
0.219553    -0.0435801
0.215195    -0.0435801
0.210837    -0.0435801
0.206479    -0.0435801
0.202121    -0.0435801
0.197763    -0.0435801
0.193405    -0.0435801
0.189047    -0.0435801
0.184689    -0.0435801
0.180331    -0.0435801
0.175973    -0.0435801
0.171615    -0.0435801
0.167257    -0.0435801
0.162899    -0.0435801
0.158541    -0.0435801
0.154183    -0.0435801
0.149825    -0.0435801
0.145467    -0.0435801
0.141109    -0.0435801
0.136751    -0.0435801
0.132393    -0.0435801
0.128035    -0.0435801
0.123677    -0.0435801
0.119319    -0.0435801
0.114961    -0.0435801
0.110603    -0.0435801
0.106245    -0.0435801
0.101887    -0.0435801
0.0975291    -0.0435801
0.0931711    -0.0435801
0.0888131    -0.0435801
0.0844551    -0.0435801
0.0800971    -0.0435801
0.0757391    -0.0435801
0.0713811    -0.0435801
0.067023    -0.0435801
0.062665    -0.0435801
0.058307    -0.0435801
0.053949    -0.0435801
0.049591    -0.0435801
0.045233    -0.0435801
0.040875    -0.0435801
0.0365169    -0.0435801
0.0321589    -0.0435801
0.0278009    -0.0435801
0.0234429    -0.0435801
0.0190849    -0.0435801
0.0147269    -0.0435801
0.0103689    -0.0435801
0.00601085    -0.0435801
0.00165284    -0.0435801
-0.00270517    -0.0435801
-0.00706318    -0.0435801
-0.0114212    -0.0435801
-0.0199854    -0.135293
-0.038514    -0.235278
-0.0670406    -0.335251
-0.103763    -0.393272
-0.144999    -0.428276
-0.188815    -0.445165
-0.233467    -0.445055
-0.277261    -0.427939
-0.318451    -0.392685
-0.355097    -0.333894
-0.383487    -0.233921
-0.40188    -0.133935
-0.410274    -0.0339404
-0.408922    0.0435801
-0.404564    0.0435801
-0.400206    0.0435801
-0.395848    0.0435801
-0.39149    0.0435801
-0.387132    0.0435801
-0.382774    0.0435801
-0.378416    0.0435801
-0.374058    0.0435801
-0.3697    0.0435801
-0.365342    0.0435801
-0.360984    0.0435801
-0.356626    0.0435801
-0.352268    0.0435801
-0.34791    0.0435801
-0.343552    0.0435801
-0.339194    0.0435801
-0.334836    0.0435801
-0.330478    0.0435801
-0.32612    0.0435801
-0.321762    0.0435801
-0.317404    0.0435801
-0.313046    0.0435801
-0.308687    0.0435801
-0.304329    0.0435801
-0.299971    0.0435801
-0.295613    0.0435801
-0.291255    0.0435801
-0.286897    0.0435801
-0.282539    0.0435801
-0.278181    0.0435801
-0.273823    0.0435801
-0.269465    0.0435801
-0.265107    0.0435801
-0.260749    0.0435801
-0.256391    0.0435801
-0.252033    0.0435801
-0.247675    0.0435801
-0.243317    0.0435801
-0.238959    0.0435801
-0.234601    0.0435801
-0.230243    0.0435801
-0.225885    0.0435801
-0.221527    0.0435801
-0.217169    0.0435801
-0.212811    0.0435801
-0.208453    0.0435801
-0.204095    0.0435801
-0.199737    0.0435801
-0.195379    0.0435801
-0.191021    0.0435801
-0.186663    0.0435801
-0.182305    0.0435801
-0.178057    0.0288066
-0.180177    -0.0711916
-0.192295    -0.171183
-0.214413    -0.271166
-0.246375    -0.360214
-0.284965    -0.408065
-0.327338    -0.436347
-0.37165    -0.447062
-0.416188    -0.440892
-0.459254    -0.417454
-0.499052    -0.375137
-0.533247    -0.298011
-0.55805    -0.198032
-0.572853    -0.0980448
-0.578695    -0.0435801
-0.583053    -0.0435801
-0.587411    -0.0435801
-0.591769    -0.0435801
-0.596127    -0.0435801
-0.600485    -0.0435801
-0.604843    -0.0435801
-0.609201    -0.0435801
-0.613559    -0.0435801
-0.617917    -0.0435801
-0.622275    -0.0435801
-0.626633    -0.0435801
-0.630991    -0.0435801
-0.635349    -0.0435801
-0.639707    -0.0435801
-0.644065    -0.0435801
-0.648423    -0.0435801
-0.652781    -0.0435801
-0.657139    -0.0435801
-0.661497    -0.0435801
-0.665855    -0.0435801
-0.670213    -0.0435801
-0.674571    -0.0435801
-0.678929    -0.0435801
-0.683287    -0.0435801
-0.687645    -0.0435801
-0.692003    -0.0435801
-0.696361    -0.0435801
-0.700719    -0.0435801
-0.705077    -0.0435801
-0.709435    -0.0435801
-0.713793    -0.0435801
-0.718151    -0.0435801
-0.722509    -0.0435801
-0.726867    -0.0435801
-0.731225    -0.0435801
-0.735583    -0.0435801
-0.739941    -0.0435801
-0.744299    -0.0435801
-0.748657    -0.0435801
-0.753015    -0.0435801
-0.757373    -0.0435801
-0.761732    -0.0435801
-0.76609    -0.0435801
-0.770448    -0.0435801
-0.774806    -0.0435801
-0.779164    -0.0435801
-0.783522    -0.0435801
-0.78788    -0.0435801
-0.792238    -0.0435801
-0.796596    -0.0435801
-0.800954    -0.0435801
-0.805312    -0.0435801
-0.80967    -0.0435801
-0.814028    -0.0435801
-0.818386    -0.0435801
-0.822744    -0.0435801
-0.827102    -0.0435801
-0.83146    -0.0435801
-0.835818    -0.0435801
-0.840176    -0.0435801
-0.844534    -0.0435801
-0.850258    -0.0958397
-0.864841    -0.195827
-0.889423    -0.295806
-0.923447    -0.37397
-0.963151    -0.416733
-1.00616    -0.440565
-1.05069    -0.447107
-1.09502    -0.436768
-1.13746    -0.408889
-1.17615    -0.361503
-1.20831    -0.27337
-1.23065    -0.173388
-1.24299    -0.0733969
-1.24533    0.0266012
-1.24112    0.0435801
-1.23676    0.0435801
-1.2324    0.0435801
-1.22804    0.0435801
-1.22368    0.0435801
-1.21933    0.0435801
-1.21497    0.0435801
-1.21061    0.0435801
-1.20625    0.0435801
-1.20189    0.0435801
-1.19754    0.0435801
-1.19318    0.0435801
-1.18882    0.0435801
-1.18446    0.0435801
-1.1801    0.0435801
-1.17575    0.0435801
-1.17139    0.0435801
-1.16703    0.0435801
-1.16267    0.0435801
-1.15831    0.0435801
-1.15396    0.0435801
-1.1496    0.0435801
-1.14524    0.0435801
-1.14088    0.0435801
-1.13652    0.0435801
-1.13217    0.0435801
-1.12781    0.0435801
-1.12345    0.0435801
-1.11909    0.0435801
-1.11473    0.0435801
-1.11038    0.0435801
-1.10602    0.0435801
-1.10166    0.0435801
-1.0973    0.0435801
-1.09294    0.0435801
-1.08859    0.0435801
-1.08423    0.0435801
-1.07987    0.0435801
-1.07551    0.0435801
-1.07115    0.0435801
-1.06679    0.0435801
-1.06244    0.0435801
-1.05808    0.0435801
-1.05372    0.0435801
-1.04936    0.0435801
-1.045    0.0435801
-1.04065    0.0435801
-1.03629    0.0435801
-1.03193    0.0435801
-1.02757    0.0435801
-1.02321    0.0435801
-1.01886    0.0435801
-1.0145    0.0435801
-1.01014    0.0435801
-1.00578    0.0435801
-1.00142    0.0435801
-0.997067    0.0435801
-0.992709    0.0435801
-0.988351    0.0435801
-0.983993    0.0435801
-0.979635    0.0435801
-0.975277    0.0435801
-0.970919    0.0435801
-0.966561    0.0435801
-0.962459    0.0365299
-0.959291    0.0268455
-0.95709    0.017161
-0.955858    0.00747651
-0.95557    -3.32531e-16
